1
1
0,9529411765
1
1
0,7333333333
1
0,8125
0,85
0,8666666667
1
1
1
0,9700598802
1
1
1
1
1
1
1
1
1
1
1
1
1
1
1
1
0,9411764706
0,6285714286
0,6285714286
1
1
1
1
1
1
1
1
1
1
0,5882352941
1
1
1
1
1
1
1
1
0,6111111111
1
1
1
1
1
1
1
1
1
1
1
1
1
1
1
1
1
1
1
1
1
1
1
1
1
1
1
1
1
1
1
1
1
1
1
1
1
1
1
1
1
1
1
1
1
1
1
1
1
1
1
0,9375
1
1
1
1
1
1
1
1
1
1
1
1
1
1
1
1
1
1
1
1
1
1
1
1
1
1
1
1
1
1
0,6404494382
1
1
1
1
1
1
1
1
1
1
1
1
1
1
1
1
1
1
1
1
1
1
1
1
1
1
1
1
1
1
1
1
1
1
1
1
1
1
1
1
1
1
1
1
1
1
1
1
1
1
1
1
1
1
1
1
1
1
1
1
1
1
1
1
1
1
1
1
1
1
1
1
1
1
1
1
1
1
1
1
1
1
1
1
1
1
1
0,95
1
0,619047619
1
1
1
1
1
1
1
1
1
1
1
1
1
1
1
1
1
1
1
1
1
1
1
1
1
1
1
1
1
1
1
1
1
1
1
1
1
1
1
1
1
1
1
0,5
1
1
1
1
1
1
1
