1
0,9
0,9529411765
1
1
0,8
1
1
1
1
1
1
1
1
1
1
0
0
0,8205128205
0,8
0,8888888889
1
0,8095238095
1
1
1
0,8095238095
0
1
1
0,9411764706
1
1
0,6923076923
1
0,7623762376
0,8461538462
0,847826087
1
1
1
1
1
1
0,9375
1
1
0,7692307692
1
0,8636363636
0,6666666667
1
1
1
0,9411764706
1
1
1
1
1
0,75
1
1
1
1
1
1
1
1
1
0,9130434783
1
1
1
1
1
1
0,9411764706
1
0,9473684211
0,8823529412
0,5625
0,7333333333
0,9130434783
0,9285714286
1
1
1
1
1
1
1
1
1
1
1
1
1
0,9523809524
1
1
1
1
1
1
1
0,75
1
0,75
1
1
1
1
0,8333333333
0,9761904762
1
1
1
1
1
1
1
1
1
1
1
1
1
0,8333333333
1
0,8333333333
0,8181818182
0,8181818182
1
1
1
0,9
0,8571428571
1
1
1
1
1
1
1
1
1
1
1
1
1
0
0,9130434783
1
0,8666666667
1
1
1
0,75
1
0,7142857143
1
1
1
1
1
0,6923076923
0,9574468085
1
1
1
1
1
1
1
1
0,9411764706
1
1
1
1
1
1
1
1
1
1
1
1
1
1
1
0,9
0,7894736842
1
0,7894736842
0,9830508475
1
1
1
1
1
0,9285714286
1
1
1
1
1
1
0,9642857143
0,96875
1
1
1
1
1
1
1
1
1
1
1
0,8
0,95
1
1
0,8
0,8064516129
1
0,8
0,95
1
0,65
0,8
1
1
1
1
0,9722222222
1
1
0,8888888889
0,8461538462
1
1
1
1
1
1
0,9
1
0,9444444444
1
1
1
0
1
1
1
0,8181818182
0,9565217391
1
0,9545454545
1
1
1
1
0,8888888889
1
1
1
1
0,8333333333
0,7777777778
1
1
1
