0,9047619048
0,9
0,8588235294
1
0,6538461538
1
0,9411764706
1
0,7
1
1
1
1
0,9820359281
1
0,8666666667
1
0
1
1
1
1
1
1
0,9444444444
1
1
1
0
0,8666666667
0,9411764706
1
1
0
1
1
1
1
1
1
1
0,9230769231
0,9130434783
1
0,9375
0,9230769231
1
1
1
0,9848484848
1
0,8888888889
1
1
1
1
1
1
1
1
0,875
0,5909090909
1
1
0,5625
1
1
1
0,9444444444
0,9047619048
0,9130434783
1
0,9
0,9285714286
1
1
1
1
1
1
1
1
1
1
1
1
1
1
1
1
1
1
1
0,9
1
1
1
1
1
1
1
1
1
1
0,96875
1
1
1
1
0,8235294118
1
1
1
1
1
0,8974358974
0,9142857143
1
1
0,92
1
0,8260869565
1
0,7333333333
1
1
1
0,9189189189
0
1
1
1
1
1
1
0,9775280899
0,95
0,8571428571
0
1
0,6764705882
1
1
1
0,9761904762
0
0,875
0,8
0,6764705882
1
1
1
1
1
1
1
1
1
1
1
1
1
1
0,9
1
0,9473684211
1
1
1
1
0,8666666667
0,7857142857
0
1
1
1
1
1
1
0,8125
1
0,9655172414
0,9142857143
1
0,9285714286
1
1
1
1
1
1
1
1
1
1
1
0,8644067797
0
0,875
1
1
1
1
1
1
1
0,9428571429
1
1
0,9642857143
0,9375
1
1
1
1
1
0,8888888889
1
1
0,9375
1
1
1
1
1
0,8095238095
1
1
1
1
1
1
1
1
1
1
1
1
1
0,9473684211
1
0,8888888889
0
1
1
1
0,625
1
0,8333333333
0,85
0,8888888889
0,8888888889
1
1
0,95
1
1
0,85
1
0,8181818182
0,8695652174
0,9473684211
0,9545454545
0,8888888889
0,8181818182
0,6923076923
1
0,8888888889
1
0,8
0,9166666667
1
1
1
1
1
1
