0
0
0
0
0
0
0
0
0
0
0
0
0
0
0
0
0
0
0
0
0
0
0
0
0
0
0
0,8125
0,5625
0,875
0,75
0,6875
0,75
0,5625
0
0,5625
0,5625
0,5625
0
0
0
0
0
0
0
0,6
0
0
0
0,55
0
0
0,55
0
0
0
0
0
0,625
0
0,6875
0
0
0
0
0
0
0,6875
0,625
0,625
0
0
0
0
0
0
0
0,8
0
0,65
0
0,75
0
0
0,5
0,8
0,45
0,7
0,8
0
0,6
0,45
0
0,45
0,6
0,45
0
0
0
0
0
0
0
0
0
0
0
0
0
0
0
0
0
0
0
0
0
0,75
0
0
0,875
0
0
0
0
0
0
0
0
0
0
0
0
0
0
0
0
0
0
0
0
0
0
0
0
0
0
0
0
0
0
0
0
0
0
0
0
0
0,8571428571
0
0
0
0
0
0
0
0
0,7857142857
0
0
0,7857142857
0
0
0
0
0
0
0
0
0
0
0
0
0
0
0
0
0
0
0
0
0
0
0
0
0
0
0,7391304348
0
0
0,8695652174
0
0
0
0
0
0
0,5217391304
0,652173913
0
0
0
0
0
0,4347826087
0
0,5294117647
0
0,6470588235
0,5294117647
0
0
0
0
0
0
0
0,8235294118
0
0
0
0
0,5294117647
0,8235294118
0,5294117647
0
0,8823529412
0,6470588235
0,5882352941
0,8823529412
0
0
0
0,6470588235
0
0,6470588235
0
0,7647058824
0
1
0
0
0
0
0
0
0,6842105263
0
0,5263157895
0,7894736842
0
0
0
0
0
0,6315789474
0,8947368421
0,6842105263
0
0,5789473684
0
0
0,6315789474
0,9473684211
0,5263157895
0
0,5
0
0
0
0
0
0
0
0
0
0
0
0
0
0
0
0
0
0
0
0,5909090909
0,5
0
0,5909090909
0
0
0
0,5
0
0
0
0,7727272727
0,5
0
0
0
0
0
0
0
0,6666666667
0
0
0,6666666667
0
0
0
0
0
0
0
0
0
0
0
0
0
0
0,8666666667
0
0
0
0
0
0
0
0
0
0
0
0
0
0
0
0
0
0
0
0
0
0,5
0
0
0,5
0
0
0
0
0
0
0,7
0
0,85
0
0
0
0
0,7
0,85
0,5294117647
0,5294117647
0
0,5882352941
0
0
0
0
0
0,5294117647
0,8235294118
0
0,8823529412
0
0
0
0
0,5294117647
0,5294117647
0
0,5882352941
0
0
0,5882352941
0
0
0
0
0
0
0,5882352941
0
0,5294117647
0
0
0,7058823529
0
0,5882352941
0,5882352941
