0 1 1 1 1 1 1 1 1 1 1 1 0 1 1 1 1 0 0 0 0 0 0
1 0 0 0 0 0 0 0 0 0 0 0 0 0 0 0 0 0 0 0 0 0 1
1 0 0 0 0 0 1 0 0 0 1 1 0 0 1 0 0 0 0 0 0 0 1
1 0 0 0 0 0 1 0 0 0 1 1 0 0 0 1 0 0 0 0 0 0 1
1 0 0 0 0 0 0 0 0 0 0 0 0 1 1 1 0 0 0 0 0 0 1
1 0 0 0 0 0 0 0 0 0 0 0 0 0 1 1 0 0 0 0 0 0 1
1 0 1 1 0 0 0 0 1 1 3 3 1 1 1 1 0 1 1 1 1 1 3
1 0 0 0 0 0 0 0 0 0 0 0 0 0 0 0 0 0 0 0 0 0 0
1 0 0 0 0 0 1 0 0 0 0 0 0 0 0 0 0 0 0 0 0 0 1
1 0 0 0 0 0 1 0 0 0 2 0 0 1 0 0 0 0 0 0 0 0 1
1 0 1 1 0 0 3 0 0 2 0 0 0 0 0 0 0 0 0 0 0 0 1
1 0 1 1 0 0 3 0 0 0 0 0 0 0 0 0 0 0 0 0 0 0 2
0 0 0 0 0 0 1 0 0 0 0 0 0 0 5 5 0 0 0 0 0 0 4
1 0 0 0 1 0 1 0 0 1 0 0 0 0 3 3 2 0 0 0 0 0 0
1 0 1 0 1 1 1 0 0 0 0 0 5 3 0 0 0 0 0 0 0 0 5
1 0 0 1 1 1 1 0 0 0 0 0 5 3 0 0 0 0 0 0 0 0 5
1 0 0 0 0 0 0 0 0 0 0 0 0 2 0 0 0 0 0 0 0 0 1
0 0 0 0 0 0 1 0 0 0 0 0 0 0 0 0 0 0 0 0 0 0 2
0 0 0 0 0 0 1 0 0 0 0 0 0 0 0 0 0 0 0 0 0 0 0
0 0 0 0 0 0 1 0 0 0 0 0 0 0 0 0 0 0 0 0 0 0 2
0 0 0 0 0 0 1 0 0 0 0 0 0 0 0 0 0 0 0 0 0 0 0
0 0 0 0 0 0 1 0 0 0 0 0 0 0 0 0 0 0 0 0 0 0 0
0 1 1 1 1 1 3 0 1 1 1 2 4 0 5 5 1 2 0 2 0 0 0
